010101
010102
010103
010201
010202
010203
010204
010205
010901
010902
011101
011102
011103
011201
011202
011301
011302
011303
011306
011307
012101
012102
012103
012201
012202
012203
012204
012205
012206
012207
012208
012209
012210
012301
012401
012402
012403
012410
012501
012502
012503
012505
012506
012507
013101
013102
013103
013104
013105
013106
013107
013110
013201
013202
013204
013205
013206
013207
013208
013209
013210
013211
013212
013213
013214
013215
013216
013217
013218
013219
014103
014201
014301
014401
015101
015102
015103
015104
015201
015202
015203
015204
015205
015206
015301
015302
015303
015304
015305
015306
015307
015308
015309
015310
015311
015313
015314
015401
015402
015403
015404
015405
015406
015407
015408
015409
015410
015411
015412
015501
015502
016101
016102
016103
016201
016202
016301
016302
016401
016402
017001
017002
017003
017004
017005
017006
017201
017202
017203
017204
017205
017206
017209
017301
017302
017303
017401
017403
017404
017405
017406
017501
017502
017504
017505
017508
017509
017601
017603
017701
017702
017801
017802
017803
017806
017807
018103
018104
018105
018106
018107
018201
018202
019101
019201
020001
020105
020106
020107
020108
020109
020110
020111
020112
020113
020114
020115
020116
020201
020202
020203
020204
020205
020206
020401
020402
020501
020502
020503
020601
020602
020701
021101
021102
021103
021104
021105
021106
021201
021202
021203
021204
021205
021206
021207
021208
021209
021210
021211
021212
021213
021214
021215
021216
021301
021302
021303
021304
021305
021306
021307
021308
022101
022102
022103
022105
022106
022201
022202
022203
022401
022402
022403
022404
023201
023402
023403
023404
024101
024201
024202
024203
024301
025001
028101
028201
028202
028203
028302
028303
028304
028305
028307
028308
028309
028310
028311
028312
028313
028314
028401
028402
028501
028502
028601
028602
029001
029002
029101
030105
030106
030107
030108
030109
030110
030111
030112
030113
030208
030209
030210
030211
030212
030213
030214
030215
030216
030217
030218
030219
030220
030221
030222
030223
030224
030225
030226
030227
030228
030229
030230
030231
030301
030302
030404
030405
030406
030407
030408
030409
031101
031102
031103
031104
031105
032001
032002
032003
032303
032304
032401
033101
033102
033103
033201
033202
033203
034101
034102
034103
034208
034209
034210
034211
034212
034213
034214
034215
034216
034217
034218
034219
034220
034221
034222
034223
034224
034225
034226
034227
034228
034229
034230
034307
034308
034309
034310
034311
034312
034313
034314
034315
034316
034317
034318
034319
034320
034321
034322
034323
034324
034325
034326
034327
034328
034329
034330
034331
034403
034404
034405
034406
034407
034408
034409
034410
034411
034412
034413
034414
034415
034416
034417
034418
034419
034420
034421
034422
034423
034424
034425
035102
035103
035104
035105
035106
035107
035108
035109
035110
035201
035202
035401
035402
035501
036101
036102
036103
037101
037201
037202
037301
037302
037401
037501
038101
038201
039001
039002
039003
039004
039101
039102
039201
039202
039203
039204
039304
039305
039306
039307
039308
039309
039310
039401
039501
039601
039701
039801
039901
040001
040002
040003
040004
040005
040201
040301
040302
040501
040601
040602
040603
040604
040605
040606
040607
040608
040609
040701
040702
040703
040704
040705
040712
040713
040714
040715
040716
040717
040718
040719
040720
040721
040722
040723
040724
040725
040726
040727
040728
040729
040730
040731
040732
041101
041102
041201
042101
042102
042103
042201
042202
042204
042205
042310
042311
042312
042313
042314
042315
042316
042317
042318
042319
042320
042321
042322
042323
042324
042325
042326
043001
043002
043101
043102
043103
043104
043105
043106
043107
043108
043109
044101
044102
044201
044202
044203
044204
044205
044206
044207
044208
044209
044210
044211
044212
044301
044303
044304
044305
044401
044402
044510
044511
044512
044513
044514
044515
044516
044517
044518
044519
044520
044521
044522
044523
044524
044525
044526
044527
045102
045103
045104
046103
046104
047102
047104
047105
047106
047107
047108
048101
048102
048201
048202
048203
048204
048301
048401
048402
048403
048404
051101
052001
052101
052102
052201
052301
052401
052402
052403
052501
052601
052602
052603
052604
052605
053101
053102
053103
053104
053105
053106
053107
053108
053109
053110
053111
053112
053113
053114
053115
053116
053121
053201
053202
053203
053204
053205
053206
053207
053208
053301
053302
053303
053304
054101
054102
054103
054104
054201
054202
054203
054204
055101
055102
055201
060101
060201
060901
060902
060903
060904
061001
061002
061301
061302
062001
062002
062101
064101
064102
065101
065102
065201
065202
067001
067002
067201
068101
068102
068201
068901
068902
069101
069102
069301
069401
069501
069502
070001
070002
071001
071002
071003
071301
071401
071402
071601
071602
071701
072001
072002
072401
072402
072501
072502
072601
072602
072701
072702
074101
074102
074103
074401
074402
075301
075401
076101
076201
076401
076501
078203
078204
078205
078206
080101
080201
081101
082101
082102
082301
082302
082304
082403
082404
082405
082406
082407
082504
082602
083001
083002
083003
083004
083005
083501
083502
083503
083601
083602
083603
083701
083702
083703
083801
083802
083803
083804
083805
083806
083807
083808
083809
083810
083811
086001
086002
086003
088001
088201
088202
088401
088402
088403
088601
088701
089104
089105
089207
089208
089209
089210
089211
089212
089213
089214
089215
089216
089217
089301
089302
089303
090001
090101
091101
091201
092001
092002
094101
094201
094202
094401
094402
095001
095002
096101
097101
097201
097301
098101
098102
098105
098106
098201
098202
098301
098302
099001
099002
099003
10001
10002
10003
10004
10005
10006
10007
10008
10009
10010
100101
10011
10101
10102
10103
10104
10105
10106
10107
10108
10109
10110
10116
10201
10202
10203
10204
10205
10206
10207
10208
10209
10210
102101
102102
102103
10301
10302
10303
10304
10305
10306
10307
10308
10309
10310
103101
103102
103103
103104
103105
103106
103107
103108
10311
103204
104001
104002
104003
10401
10402
10403
10404
10405
10406
10407
10408
10409
10410
10411
10412
10413
10501
10601
10602
10603
10604
10605
10606
10607
106101
10701
10702
107201
107202
107203
107204
107301
10801
10901
10902
10903
110001
110002
11001
11002
11003
11004
11005
11006
11007
11008
11009
11010
11011
11012
11101
11102
11103
11104
11105
11106
11107
11108
11109
11110
111201
11201
11202
11203
11204
11205
11206
11207
11208
11210
112101
112102
112201
11301
11302
11303
11304
11305
11306
11307
11308
11310
11350
11401
11402
11403
11404
11405
11406
11407
11408
11409
11410
114101
114102
11411
11412
11413
11414
114201
114202
114301
11501
115201
115301
115302
115305
115306
115307
115308
115309
115401
115402
115801
116001
116002
11601
11602
11603
11604
116101
116102
116103
116104
116201
116202
116401
117301
117302
117401
117402
117501
117502
117801
118101
118202
118203
118204
118303
120001
12001
121101
121102
121301
121401
122101
122201
122301
122401
123001
123002
123201
123202
123203
123401
123501
123502
124102
124201
124202
124203
124303
124304
124401
124402
125101
125401
125501
126301
126302
126303
126304
126403
126601
126602
126603
126604
126702
126703
126704
126705
126706
126707
126708
127501
128101
128401
128405
128801
128802
12901
12902
129101
129102
129302
129303
129402
129403
130001
130002
130003
130004
13001
13002
13101
13102
13201
13202
13301
13401
13501
13502
136401
136402
136504
136505
137001
137002
137003
137004
137005
137006
137007
13801
138101
142004
142005
143401
143402
143403
143404
143501
147101
147103
147104
147401
147402
147403
147404
147405
147406
147407
147408
147502
147503
150101
150201
152001
152002
152003
154001
154002
154003
154004
154005
154006
154007
154008
154009
154010
157101
160101
160201
161101
162201
162301
162302
163001
163002
164001
164002
164003
164004
165001
166101
166301
167101
168301
168401
168402
168403
168405
169001
169002
169003
169004
169005
169006
169007
169201
169202
169203
169204
170001
170002
170003
170004
170005
170006
170007
170008
170009
170010
170011
170012
170013
170014
180101
180201
180301
180302
181101
181102
181103
182101
182201
182301
182401
182402
182501
183101
183102
183103
184101
185101
185102
185104
186201
186202
186203
187101
187102
187103
187104
187105
187106
187107
187201
193001
193002
193101
193102
193201
193202
194105
194106
194107
194108
194201
194202
194203
194204
199001
199002
199101
199102
199301
20001
20002
200102
200103
200104
200105
2002
2003
20101
20102
20103
20104
20105
20106
20107
20108
20201
20202
20203
20204
20205
202101
202301
202302
202401
202402
202501
20301
20302
20303
20304
203101
203102
204001
204002
204003
204004
204201
204202
204301
204302
204303
204304
204305
204306
204307
204308
20501
20503
20504
20510
207301
207302
207501
207502
209001
209002
209101
209604
209605
209606
209607
209608
209701
209702
209801
209802
210001
210002
210101
210201
210202
210203
210401
210402
210501
210502
210801
210802
210901
210902
21101
21102
211202
211203
211204
211301
212001
212101
212201
21501
21502
21503
21505
21506
21507
21550
218001
218002
218101
218201
218301
218302
218304
218305
218306
218307
218403
218404
218405
218406
218407
218408
218503
218504
218505
218506
218603
218604
218605
218901
218905
218906
218912
218913
218914
218915
219002
219003
219004
219005
219006
219007
219008
219009
219010
219101
219102
219103
219104
219105
219106
219107
219108
219109
219201
219202
219302
219303
219401
219402
219501
219502
219503
219504
219505
219601
219602
219603
219604
221101
221102
221103
221401
221402
222104
222105
222106
222107
222108
222109
223101
223102
223103
223104
223901
223902
223903
224101
224102
224103
224104
224105
224106
224107
224108
224203
224204
224205
224206
225001
225002
225003
225004
225005
225006
225301
225302
226001
226101
226203
226204
226205
226206
226207
226208
226301
226302
226303
226304
226305
226307
226309
226403
226404
226405
226406
227001
227002
227101
227102
227201
227202
227203
227204
227901
228001
228002
228101
228102
228103
228104
230101
230102
230103
230201
230202
230203
231101
231201
231301
231302
231303
231401
231501
232101
232102
232103
232104
232201
232301
232401
232402
232403
233101
233201
234101
234102
234103
234105
234106
234201
234202
234204
234205
234301
234302
234303
234401
234402
234403
234404
235101
235201
236101
236201
236301
237102
237103
237201
237202
237203
237204
237301
237302
237303
237304
237305
237307
237401
237501
237502
237503
237504
237505
237601
237602
237603
237604
237701
237702
237703
237801
237901
237902
237903
240201
240301
240401
241101
241102
241103
241104
241201
242101
242102
242103
242201
242202
242204
242205
242301
242401
243101
243102
243103
243104
243105
243106
243107
243108
243109
243110
243201
243202
243203
243301
243302
243303
243401
243501
243502
244101
244102
244103
244104
244105
244106
244107
244108
244109
245101
245201
247001
247101
247201
247202
247301
247401
247402
247403
248101
248201
248401
248801
249101
250001
250002
252001
252002
252501
252506
252507
252508
252509
253401
253402
254001
254002
255001
255002
255003
255004
255006
255007
255101
260101
260201
260202
260203
260301
260302
261001
261002
261003
262001
262002
263101
263102
263201
263203
263204
263206
263208
264001
264002
264003
264004
264005
264006
264007
264008
270101
270102
270103
271101
272101
272102
272103
272301
272302
272401
272402
273105
273201
273202
273203
273204
273301
273401
273402
273403
274101
274201
274202
274203
274301
274302
274303
274304
274305
274401
274901
274902
275101
275102
275103
275104
275201
275202
275203
275301
275302
275303
275304
275305
275401
275402
275403
275404
275405
275501
275601
275701
275801
275802
275901
275902
275903
276101
276102
276201
276202
276203
276204
276205
276206
276207
276209
276210
276211
276212
276301
277101
277201
277202
277203
277301
278201
278301
278401
278402
280001
280002
282101
284101
285103
285104
286101
286102
287101
287102
287103
289101
289102
289103
290001
290201
290301
290303
290401
290402
291101
291203
291204
291205
293101
293102
293305
293306
293307
293308
293309
293310
293311
293402
293403
293501
294001
294002
294003
294101
294102
294201
294202
294301
294401
294402
295101
295103
295201
295202
295601
295602
295603
295604
295605
295606
295607
295608
295701
295702
296401
296402
296403
296501
296502
296503
296601
296602
30001
30002
30003
30004
30005
30006
300101
300103
30020
300201
300202
300401
300402
301001
30101
30102
30103
30104
30105
301105
301106
301107
301108
301109
301110
301111
301112
301201
301202
301303
301304
301305
301306
301401
301402
301403
301404
302001
302002
30201
30202
30203
30204
30205
30206
302102
302103
302201
302301
302302
302303
302304
302401
302402
302403
302404
302405
302406
302407
302408
302409
302410
302411
302412
302413
302414
302415
302416
302417
302418
302419
302501
30301
30302
30303
30304
303103
303104
303201
304101
304102
305101
305102
306001
306002
306003
306004
306005
306006
306007
306101
306102
306201
306301
306302
306401
306402
306501
306502
306503
306504
306505
306506
306507
306508
31001
31002
31003
31004
31005
31006
31007
31020
311101
311102
311301
311302
311401
311402
313101
313103
313301
313302
313401
314103
314601
314602
315001
315002
315003
315104
315105
317101
317102
317202
317304
317305
317306
317307
317308
317309
317310
317401
317402
317503
317504
317505
317506
317507
317508
317509
317510
317511
319001
319002
319003
319004
319201
319203
319501
319601
319602
320001
320002
320003
32001
32002
32003
32004
32005
32006
32007
32008
32009
32010
32014
32015
32016
32017
32019
32020
320201
320203
32021
32022
32024
32025
32026
32027
32028
32029
32030
32031
321001
321002
321003
321004
321005
321006
32101
32102
32103
32104
32105
32106
32107
32108
32109
32110
321101
32111
32112
32113
32114
32115
32116
32117
32118
32119
32120
321201
321202
321203
321204
321205
32122
32124
32125
32126
32127
32128
321301
321302
321303
321304
321401
321501
321601
321701
321702
322101
322102
322201
322202
322203
322801
32301
32302
32303
32304
32305
32306
32401
32402
32410
324101
324102
324103
324104
324105
324106
32411
32412
32413
324201
324202
324203
324204
324205
324206
32430
32431
32432
32433
32510
325101
325102
325201
325202
325301
325302
325303
325401
325501
32601
32602
32603
32604
32605
32606
32610
326101
32611
32612
32613
32614
32620
32621
327001
32701
32702
32703
32704
32705
32706
32707
32708
32709
32710
327101
32711
32712
32713
32714
32730
32731
32732
32750
32751
32752
32753
328001
32801
32802
32803
32804
32810
32811
32812
32820
32821
32822
32823
32830
32831
32832
32840
32841
32842
32850
32851
32852
32853
32860
32861
32862
32863
32870
32871
32872
32873
329001
32901
32902
32903
32904
32910
32911
32912
32913
32920
32921
32922
32923
32930
32931
32932
32933
32940
32941
32942
32943
32950
32951
32952
32953
32960
32961
32962
32963
32970
32971
32972
32973
32980
32981
32982
32983
332101
332201
332202
332203
332204
332205
332206
332207
332208
332209
332210
332401
332501
332601
332703
332704
332801
332901
332902
332903
34001
34002
34003
34004
340101
340201
340202
340301
340302
340401
340501
340502
340601
340602
340701
340702
340703
340801
340901
340902
340903
340904
340905
340906
340907
340908
340909
340910
340911
341001
341101
341104
341105
341106
341107
341201
341202
341203
341204
341205
341301
341302
341303
341401
341402
341403
341501
341502
341601
342101
345001
345002
345101
345102
345201
345202
345203
345204
345205
345301
345302
345401
345402
345403
345501
345502
345503
345504
345601
348001
348002
348101
348102
348202
348203
348204
348205
348301
348302
348303
348501
348502
348601
348602
349401
349402
351101
351102
351103
351201
351202
351203
351301
351302
351303
351401
351402
351403
351501
351601
351602
351603
351604
351701
351702
351801
351802
351803
351804
351805
352001
352002
352003
352101
352102
352103
352201
352202
352203
352301
352302
352303
352401
352501
352502
352503
352504
352505
352506
352507
352508
352509
352510
352511
352512
352801
352802
352901
352902
353001
353002
353003
353501
353503
353504
353901
354101
354102
354201
354301
355102
355104
355105
355203
355204
355205
356101
356102
356201
356202
356203
358001
358002
358101
358102
358103
358104
358105
358106
358108
358201
358202
358203
358204
358205
358206
358207
358208
358209
358210
358211
358304
358305
358306
358307
358308
358309
358401
358402
358403
358404
358501
358502
358503
358504
358505
358506
358507
358508
358509
358510
358511
358601
358602
358701
358702
358703
358705
358710
358801
358802
358803
358805
358806
358807
358901
358902
358903
358904
358905
359201
359301
359401
359402
359403
359404
359405
359406
359407
359501
359502
359504
359701
359702
359801
359802
359803
359804
360101
360102
360104
360105
360106
360201
360202
360301
360401
360402
360501
360601
361601
361602
361603
361604
361605
361606
361607
361608
361609
361610
361611
361612
361613
361614
361615
361616
361617
361618
361619
361620
361621
361622
361623
361624
361801
361802
361803
361804
361805
361806
361807
361808
361809
361810
361811
361812
361813
361814
361815
361816
361817
361818
361819
361820
361821
361822
361823
361824
361901
361902
361903
361904
361905
361906
361907
361908
361909
361910
361911
361912
361913
361914
361915
361916
361917
361918
361919
361920
361921
361922
361923
361924
363201
363202
369101
369102
369103
369201
369202
369203
369301
369302
369303
369401
369402
369501
369502
370101
370102
371202
371203
372101
372102
372201
372202
372301
372302
372401
372402
372501
372502
372503
372601
372602
372701
372702
372801
372802
373104
373105
373106
373107
373201
373303
373305
373306
373307
373308
373309
373310
373404
373405
373406
373407
373408
373409
373410
373411
373412
373413
373414
373601
373701
374101
374201
374301
375101
375201
376101
376401
376701
376702
376703
376704
378001
378101
378102
378201
378301
378401
378501
378502
378503
378504
378505
378506
378507
378508
378601
378602
378603
378604
378605
378606
378607
378701
378702
378901
378902
378903
378904
378905
379001
379002
379003
379101
379201
379301
380001
380002
380003
380105
380110
380111
380201
380202
380203
380204
380205
380206
380210
380301
380302
380303
380304
380305
380306
380307
380308
380401
380402
380403
380404
380501
380601
380602
380603
380701
380702
380703
380801
380802
380803
380810
380901
380902
380903
380904
380910
381101
381102
381203
381301
381302
381303
381304
381401
381501
381502
381601
381602
381603
381604
381801
381802
381803
382101
382102
382201
382302
382303
382304
382305
383107
383108
383109
383110
383201
383202
383203
383204
383205
383206
383301
383302
383303
383304
383404
383405
383406
383407
383408
383409
383410
383411
383412
383413
383414
383505
383601
383602
383701
383702
383801
383802
383803
383901
383902
383903
384201
384202
384203
384301
384302
384303
384304
384401
384501
384601
384701
384801
384802
384803
384901
384902
385107
385108
385109
385112
385113
385120
385201
385202
385203
385204
385205
385206
385207
385208
385220
385301
385302
385303
385304
385320
385401
385402
385501
385520
385521
385601
385602
385620
385701
385702
385720
385801
385802
385803
385820
385901
385902
385904
385905
385906
385907
385920
386101
386201
386301
386302
386401
386402
387201
387301
388701
388801
388802
388901
388902
388903
388904
388905
389001
389002
389101
389102
389103
389104
389105
389106
389107
389108
389201
389301
389401
389501
389901
390101
390201
391201
391202
391701
391702
391703
391704
392001
392101
392201
392202
392203
392204
392401
392501
392502
392503
392601
392602
392603
392604
392605
392620
392701
392702
392801
392802
392803
392804
392805
393201
393202
393203
393204
393205
393210
393301
393302
393303
393304
393305
393306
393307
393601
393701
393804
393805
393806
393807
393904
393905
393906
393907
394101
394201
394301
395001
395010
395018
395022
395023
395024
395025
395026
395027
395028
395030
395031
395060
395061
395062
395063
395080
395081
395101
395102
395103
395104
395202
395205
395211
395212
395213
395214
395215
395216
395217
395218
395219
395220
395301
395302
395303
395304
395305
395306
395307
395308
395309
395401
395601
395701
395801
396101
396201
396501
396502
396503
396504
396505
396601
397201
397202
397203
397204
397205
397206
397207
397301
397302
397303
397304
397305
397306
397307
397401
397501
397502
397503
397601
397701
397801
397802
397803
397901
397902
397903
398001
398002
398101
399001
399101
399201
399401
399501
399502
399503
399504
399505
399601
399602
399701
399702
399801
399802
399803
399804
399901
399902
399903
40001
40002
40003
40004
401001
401002
40101
40102
40103
40104
401101
401102
401201
40201
40202
40203
40204
402101
402102
402201
402301
402401
402501
402601
403001
40301
40302
40303
40304
404001
404002
404003
404004
40401
40402
40403
40404
404401
404402
404403
404404
40501
40502
40503
40504
40505
40506
405101
405102
405201
405202
405203
405304
405305
405306
405307
405404
405405
405406
405407
405408
405409
405411
405412
405502
405503
405601
405602
406201
406301
406401
406402
406501
406601
407101
407201
407301
407401
41001
41002
41003
41004
41020
410501
410502
410601
410602
410603
41101
41102
41103
41104
41105
41201
41202
413101
413201
413202
413204
414101
414102
414201
414202
414301
414302
414401
414402
414501
414502
415102
415103
416102
416103
416201
416202
419101
419201
419301
420101
420102
420103
420104
421101
421102
422001
422002
422003
422004
422601
422602
423001
423103
423104
423105
423106
423107
423204
423205
423206
423207
423208
423301
423302
423304
423305
423306
423308
423309
424101
424102
424103
424201
424202
424203
425101
425102
425103
425201
425202
425203
425204
425205
425206
425207
425208
425209
425301
425302
425303
425503
425504
425505
425701
425801
427101
427102
427201
427301
427401
427402
427403
428101
428201
428202
428203
428301
428501
428601
428701
428702
429102
429103
429104
429209
429301
429401
429402
429405
429501
429601
429602
430102
430103
431001
431002
431003
433101
433102
433103
434001
434101
434102
434103
434104
434201
434501
436101
436102
437101
437102
437103
438101
438102
438201
438202
438203
438204
438301
438302
438303
438304
438401
438402
438501
438502
438503
438504
439001
439002
439003
439004
439101
439102
439201
439202
439301
439302
440102
440103
440110
440201
440202
441101
441102
441201
441301
441302
441303
441304
441501
441502
442101
442102
442201
442202
442401
442402
444001
444002
444101
444102
444201
444202
444305
445101
445102
446101
446102
446201
446202
446301
446302
446303
446401
446402
446501
446502
446503
446601
446602
446603
446604
449001
449101
449102
449201
449202
449301
449302
449303
449304
449305
449306
449307
449401
449402
449403
449501
449502
449601
449602
449701
449702
449703
449801
449802
449803
449804
449805
449806
449901
449902
449903
449904
449905
449906
450001
450002
450601
450602
451101
451201
451302
451303
451304
451305
451306
451307
451308
451309
451310
451311
451501
451502
452101
452102
452201
452301
452303
452304
452305
452401
452502
452601
452602
453002
453101
453304
453305
453306
453307
454101
454102
454203
454205
454206
454207
454208
454209
454210
454301
455101
455102
455201
455202
456001
456002
456101
456102
456201
456202
456203
456204
456205
456206
456301
456302
456401
456501
456502
456601
456701
456801
457001
457002
457101
457102
457201
457202
457301
457302
457401
457402
457501
457502
457601
457602
458101
458102
458301
458302
458401
458402
459101
459102
459201
459202
459301
459302
459401
459402
459501
459503
459504
459505
460103
460104
461301
461302
463201
464001
464003
464004
465101
465103
465201
465203
466101
466201
466302
467001
467002
467201
467202
467401
467402
467601
467602
467701
467702
467806
467807
467808
467809
467810
467811
467812
467813
467901
467902
467903
467904
467905
467906
468001
468011
468012
468013
468014
468015
468016
468020
468021
468022
468101
468102
468501
469101
469201
469401
469402
469501
469601
469701
469702
471102
471110
472001
472002
480101
482101
482201
482301
482401
482501
482601
482701
483101
483801
483802
485001
485002
485003
485004
485401
485402
486201
486202
486501
486701
486702
486801
487101
487102
487301
487302
487303
487501
487502
487602
487603
487604
487605
487606
487607
487608
487701
487702
487704
487705
487706
487707
487708
487901
487902
487903
487904
487905
488101
488103
488104
488201
489001
489101
489201
489301
489302
489401
489501
489601
490101
490201
490401
492101
492102
492201
492301
492401
492501
494001
494003
494004
494005
494201
494301
494401
494701
495001
497101
497110
497201
497301
497302
497303
497401
497402
497501
497502
497503
497504
497505
497506
497507
497508
497509
497510
497511
497601
497602
499101
499201
499301
499401
499501
499601
50001
50002
50003
50004
50005
50007
50008
50009
500101
500102
5002
5003
5004
501
501001
501002
501003
501004
502001
502002
502101
502102
502103
502205
502206
502207
502208
502209
502210
502211
502212
502213
502214
502215
502218
502219
502220
502221
502403
502404
502405
502406
504001
504101
504102
504103
505101
505201
505202
505203
505301
505401
505402
505403
506103
506104
506105
506106
506201
509101
509201
509301
509401
509501
510001
510002
510003
510004
510005
51001
51002
510101
510102
510301
510302
511001
51101
51102
511102
511501
511601
511602
511701
511702
511703
511704
511705
511706
511707
51201
51202
51203
51204
512101
512104
512105
512106
51220
512201
51221
512301
512302
512303
512304
51240
51241
512503
512504
512505
512506
512601
512602
512603
513201
513202
513601
513602
513701
513702
513703
513704
513705
513706
514001
514002
514004
514005
514301
514302
514401
514402
516101
516102
516201
516202
516401
516402
517101
517102
517201
517202
517301
517302
518101
518301
518302
518401
518402
518501
518601
518801
518901
518902
518903
518904
519101
519301
519302
519401
519402
519501
519502
519503
519601
519701
52001
520101
520102
520103
520201
520202
521001
521002
521003
521004
521401
522201
522202
522203
522204
523101
523102
523201
523202
524001
524002
524003
524101
524102
524401
524402
525001
525002
525101
525102
525203
525204
525205
525206
525301
525302
525401
525402
526101
526102
526201
527101
527102
527201
527202
528001
528002
529301
529401
529503
529504
529505
529506
529603
529605
529606
529607
529608
529609
529701
529801
529901
530001
530002
530003
53001
53002
53003
53005
53006
53020
53021
53022
53023
53024
530301
530302
53040
530401
530402
530601
530602
531001
531002
531003
53101
53102
53120
53140
531501
531502
531601
531602
531701
531702
534001
534002
534101
534102
534301
534302
535001
535002
535101
535102
535204
535205
535301
535302
536001
536002
536101
536102
536201
536301
536302
536303
536501
536502
536601
536602
536701
536702
536801
536802
536803
536804
536901
536902
536903
536904
537001
537002
537003
537301
537302
537303
537304
537305
537306
537401
537402
537403
540004
540005
540006
540007
540008
540009
54001
540010
540011
540012
540013
540014
540015
54002
54003
540101
540102
54101
54102
54103
54104
541101
541102
54140
541501
541504
541505
541506
541507
541601
541602
541701
541702
541703
541704
541801
541802
541901
541902
542001
542002
542101
542102
542201
542202
542203
542302
542303
542304
542401
542402
542403
542801
542802
542803
542901
543101
543102
543201
543202
543301
543302
543303
544104
544105
544106
544107
544201
545001
545101
546101
546201
547001
547101
547102
547103
547201
547202
547203
547401
547403
547404
547501
547502
547503
547504
547505
547506
547601
547701
547702
547703
549002
549004
549005
549006
549007
549011
549012
549013
549201
549202
549301
549401
549501
549601
549701
549801
549802
55001
550101
550102
550104
550120
550201
550202
550203
550204
55040
55101
55102
55103
55104
55105
55106
55107
55108
551101
551102
551201
551202
551203
551204
552101
552102
552103
552201
552202
552203
552601
552602
552603
552604
552605
552606
552607
552608
552609
553101
553102
553103
553104
553105
553106
553107
553108
554001
554002
554003
554102
554103
554111
555101
555102
555103
555201
555202
555203
555301
555302
555601
555603
555604
555605
555606
555607
555608
555702
555703
555721
556101
556121
556201
556202
557001
557021
558101
558121
558202
558203
558301
558302
558501
558502
558601
558602
558603
558604
558605
558606
558607
558608
558701
558720
558730
558740
558801
558811
559101
559210
559220
559301
559401
559501
559601
559701
561101
561102
562101
563101
563102
563301
563311
563321
563401
563510
563520
564101
564111
564120
564121
564130
564140
564201
564211
565101
565201
565202
565301
565302
565410
565601
565610
565710
565901
565902
566001
566002
566201
566202
567401
567402
567403
567404
567405
567406
567501
567502
568201
568202
568301
568401
568402
568403
568404
568701
568702
568901
568902
568903
568904
568905
568906
568907
568908
569001
569002
569101
569102
569801
570101
570501
570502
570503
570504
571102
571103
571104
571201
571210
571220
572101
572201
573101
573102
573103
573201
573301
573302
573303
573304
573401
573402
573501
574101
574201
574202
574203
575103
575104
575105
575106
575107
575108
575202
575203
575204
575205
575206
576001
576011
576060
576061
577301
577302
577303
577304
577305
577306
577307
577308
577309
577310
577311
577312
577313
577314
577315
577316
578101
578111
578201
578202
578303
578304
578305
578306
578401
578402
578403
578450
578501
578502
578601
578701
578702
578703
578704
578801
578802
578901
578910
579101
579102
579201
579401
579501
579901
579930
579950
580010
580050
580051
580101
580110
581010
582101
582301
582302
582401
582402
583101
583102
583103
583201
583202
583203
583230
583240
584101
584102
584103
584201
584301
584302
584303
584304
584305
584401
584402
584501
584530
584601
584602
584603
584701
584901
585001
585010
586101
586102
586201
586301
588201
588202
589110
589120
589201
589302
589303
589304
589305
589403
589404
589405
589406
589501
589502
589503
589504
590101
590111
590201
590301
590311
590401
590501
591101
591910
591920
592001
592002
592003
592004
592005
592006
592007
592008
592101
592102
592103
592201
592202
592203
592204
592301
592302
592303
592401
592402
592403
593101
595101
595102
595103
596101
596102
597101
597104
597105
597106
597201
597202
597210
597251
597910
597920
597940
597941
597990
598001
598002
599101
599110
599301
599401
600110
600112
600201
600202
600203
60101
60102
601101
601102
601103
601104
601201
601301
601311
601401
601501
601502
602001
602002
602003
602004
602005
60201
60202
602201
605101
605111
605112
607101
607201
607211
607212
607301
607311
607312
608101
608201
609001
609101
609301
609401
609402
609501
609502
609503
610101
611101
611102
612101
613101
613102
613103
613401
613402
614101
614201
614910
619101
619201
619202
620101
621101
621201
621910
621911
622101
623001
623002
623011
623012
625101
625104
625201
625203
625204
625205
625206
626101
627101
629101
629102
629301
630101
630201
630301
631001
631002
631010
631011
631201
631202
631301
631302
632101
633201
634001
635101
635201
636101
637101
637201
637301
638101
638201
638301
639001
639002
639101
639201
639202
639301
639601
640001
641101
641201
642101
643101
643201
644101
644301
644401
644501
644601
644901
644902
644903
644904
644920
644930
645001
645002
646001
646002
646101
646102
649101
649301
649501
649601
649602
649701
649702
649801
649802
649803
649804
649805
649806
651201
651202
651203
651204
652101
652102
652103
652201
652202
652203
652301
652302
652303
652304
652305
652401
652402
652403
652404
652410
652701
652702
652801
652802
652804
652901
652902
653101
653102
653104
655101
655102
655104
657001
657002
657801
657802
657803
657804
659101
659102
659301
659302
659510
659520
660201
660202
661110
661120
662101
662102
662103
662104
662201
662202
662203
662204
664001
664002
664003
665001
665002
665003
666101
666102
666110
666111
666210
666220
667101
667102
667301
667302
667401
667402
667601
667610
667901
667902
668101
669101
669102
669103
669201
669202
669203
669410
669501
669502
669503
669601
669602
669603
669701
669702
669901
669902
670101
671201
671202
672001
673101
673102
673201
674002
674003
674004
674101
674102
674103
674501
674511
675101
675102
675103
676101
676102
676103
676210
676910
676920
680101
681101
681102
681103
681104
681105
681201
682101
682201
682202
682203
682302
682303
682401
682402
682403
682404
682501
682510
683101
683111
684001
684003
684020
684103
684104
685102
686001
686011
686102
686110
687001
688101
688201
688301
690103
691101
691102
691103
691110
691130
691201
691202
691203
691204
691205
691230
691301
691302
691901
691902
691910
692110
692201
692202
692203
692204
692205
692206
694101
694102
694201
694202
694203
694204
694301
694302
694901
694902
697101
698001
698002
698003
698004
699101
699102
699103
699601
699602
699701
699702
7001
700101
7002
7003
7004
7005
7006
701204
701301
701410
701420
701430
702101
702203
702401
703101
703102
703301
703302
703340
704001
704002
704003
704201
704202
704203
705110
705210
705301
705302
705303
706001
706102
706103
706104
706105
707110
707120
707130
707201
707301
707401
707501
707502
707503
707601
707602
707701
707702
707703
707920
707930
709101
709102
709201
709202
709203
709204
709205
709206
709207
710101
710920
710921
710922
711001
711110
711120
711130
711301
712001
712002
712003
712401
713101
713401
713501
713502
714001
714002
715001
715002
715003
715004
715005
715006
715007
717201
717202
717301
717901
717902
717920
718101
718102
718201
721003
732201
735301
735930
735931
735980
740001
740002
740003
743101
743102
743201
743202
750101
750105
750301
750302
750303
751101
751201
751202
752101
753101
753501
753502
753601
753701
753702
753703
753704
753705
753706
753707
753708
753709
753710
753711
753712
753713
753714
753715
753716
753717
753718
753719
753720
753721
753722
753723
753724
753725
753726
753727
753728
753729
753730
753731
753732
753733
753734
753801
753802
753803
753901
754101
755001
755002
755003
756101
756102
756201
756901
756902
756903
756910
758001
758002
758003
759101
759401
759402
760101
760102
760103
760901
760902
761101
761102
761201
761301
761302
762101
762102
762103
762104
762105
762201
762202
762301
763101
763102
763103
763104
763901
763902
763903
764101
764201
764301
764302
764303
764304
764305
764401
764402
764601
765101
765105
765201
765202
765301
765302
765401
766101
766201
766202
766203
766205
766301
766302
766303
766401
766402
766403
766501
766601
766602
766603
766604
766605
766606
766607
766608
766609
766610
766701
766901
766902
766903
766970
767201
767202
767203
767301
767302
767303
767304
767401
767402
767403
767404
767501
767502
767503
767601
767602
767603
767604
767605
767701
767702
767703
767705
767706
767801
767802
767901
767902
767903
767904
767905
767907
767908
768001
768002
768101
768110
768201
768301
768302
768401
768501
768601
768701
768702
768801
768901
768902
770101
770201
770301
770302
770401
770402
770501
770601
770701
770702
770801
770802
770901
770902
770920
770930
770931
770932
770933
770934
771101
771102
772101
772102
772103
772104
772105
772203
772204
772304
772305
772306
772307
772403
772404
772405
772406
772506
772507
772508
772509
772510
772511
772512
772513
772514
772515
772516
772601
772704
772705
772706
772707
772708
772709
772710
772711
772712
772713
772714
772715
772716
772717
772718
772719
772720
772721
772722
772804
772805
772806
772807
772808
772809
772903
772904
772905
772906
772907
772908
772909
772912
772913
772914
772915
772933
772934
772935
772936
772937
772938
772939
772940
772941
772942
772943
772944
772945
772946
772947
772948
772949
772950
772951
772952
772953
773001
773002
773003
773004
773005
773006
773007
773008
773009
773101
773102
773103
773104
774001
774002
774003
774910
774911
774912
775104
775105
775106
775107
775401
775402
775403
775404
776001
776101
776102
776104
776105
776109
776110
776201
776202
776203
776204
776301
776302
776401
776402
776501
776502
776503
776601
776602
776701
776702
776801
776802
776803
776804
776805
776901
776902
776920
776921
776929
776930
776931
776932
776933
776934
776935
776936
776937
776938
776939
776940
776941
776942
776943
776944
776945
776946
776947
776948
776949
776950
776951
776952
776953
776954
776955
776956
776957
776958
776959
776960
776961
776962
776963
776964
776965
776966
776967
776968
776969
776970
776971
776972
776973
776974
776975
776976
776977
776978
776979
776980
776981
776982
776983
776984
776985
776986
776987
776988
776989
776990
776991
776992
777001
777002
777101
777102
777103
777201
777301
777401
777501
777601
777701
777801
777902
778101
778102
778103
778104
778105
778201
778202
778203
778301
778302
778303
778304
778305
778306
778307
778403
778404
778405
778406
778501
778601
778701
778702
778703
778801
778901
778902
778911
778912
778921
778922
778923
778931
778932
778933
778942
778954
778955
778956
778957
778958
778959
778960
778961
778962
778963
778964
778965
778966
778967
778968
778969
779101
779102
779105
779131
779134
779201
779202
779203
779301
779402
779403
779404
779501
779601
779701
779801
779802
779901
779902
779941
779942
779943
779944
779945
779946
779947
779948
779949
779950
779951
779952
779953
779954
779955
779956
779957
779958
779959
779960
779961
779962
779963
779964
779965
779966
779967
779968
780101
780102
780103
780104
780105
780106
780201
780202
780301
780401
780402
780403
780404
780501
780502
780503
780601
780701
780702
780703
780705
780706
780801
780901
780902
780903
780904
780905
780920
780921
780931
780932
781201
781202
781301
781302
781304
781401
781501
781502
781503
781601
781701
781702
781703
781704
781801
781802
781901
781902
781920
781930
782101
782102
782103
782104
782211
782213
782221
782223
782231
782233
782241
782243
782311
782321
782331
782341
782401
782402
782403
782404
782511
782513
782521
782523
782531
782533
782541
782543
782611
782621
782631
782641
782711
782721
782731
782741
782751
782761
782771
782781
783001
783201
783202
783203
783204
783301
783302
783305
783306
783307
783308
783401
783402
783403
783404
783501
783502
783503
783504
783701
783702
783703
783704
783705
783706
783707
783708
783801
783802
783803
783804
783805
783806
783807
783808
783901
783902
783903
783911
783912
783913
783914
784101
784102
784103
784104
784105
784106
784107
784108
784109
784110
784111
784112
784113
784114
784115
784116
784117
784118
784119
784120
784121
784122
784123
785101
785201
785301
785401
785501
785601
785801
785901
786001
786002
786101
786102
786201
786202
786301
786302
786401
786402
786501
786502
786601
786602
786701
786702
786801
786802
786901
786902
786910
786911
786920
786921
786930
786931
786932
786935
786936
787101
787201
787301
787401
787501
787601
787701
787801
787901
787902
789201
789301
789302
789303
789401
789402
789403
789501
789701
789702
789703
789801
789802
789803
789901
789920
790101
790201
790301
790302
790401
790402
790501
790601
790703
790704
790801
790901
790902
790920
790930
790931
790932
790933
791101
791102
791201
791301
791302
791401
791402
791404
791405
791501
791502
791503
791601
791701
791702
791703
791704
791705
791740
791901
791930
792101
792102
792103
792201
792301
792302
792401
792402
792501
792601
792801
792901
792902
792920
793101
793102
793103
793201
793202
793203
793204
793205
793206
793210
793301
793302
793303
793304
793305
793306
793307
793403
793404
793405
793406
793501
793502
793601
793707
793708
793709
793710
793711
793712
793713
793714
793715
793716
793717
793718
793719
793801
793802
793804
793901
793902
793910
793911
793912
793920
793921
793922
793930
793932
793935
793937
793940
793942
793944
793946
793950
793952
794101
794102
794201
794202
794203
794204
794501
794502
794601
794602
794603
794604
795101
795102
795201
795202
795203
795204
795501
795502
795601
795602
795603
795604
796101
796201
796301
796401
796501
796601
796701
796801
796902
796903
796905
797101
797201
797301
797401
797402
797403
797404
797501
797502
797503
797601
797602
797603
797701
797801
797802
797803
797901
797902
798101
798102
798103
798106
798201
798302
798303
798401
798402
798403
798404
798405
798406
798501
798502
798601
798602
798701
798801
798901
799101
799201
799202
799203
799204
799301
799302
799401
799402
799501
799502
799503
799504
799505
799506
799507
799601
799602
799701
799702
799703
799704
799710
799803
799804
799805
799806
799807
800101
800102
800103
800104
800201
800202
800301
800302
800401
800402
800501
800502
800601
800602
800701
800702
800801
800802
801101
801201
801301
801401
801501
801601
801701
801801
802101
802201
802301
802401
802501
802502
802601
802701
802801
803101
803201
803301
803401
803501
803601
803701
803801
804001
804002
804101
804201
804301
804302
804303
804304
804310
804401
804501
804502
804503
804504
804601
804701
804802
804803
805106
805107
805108
805109
805111
805112
805115
805116
805117
805118
805119
805120
805124
805126
805127
805128
805129
805130
805201
805202
805203
805903
805904
805905
805906
805907
805908
805909
805910
805911
805912
805913
805914
805915
805916
805917
805918
805919
805920
806101
806102
806103
806104
807001
807101
807102
807103
807104
807201
807202
807203
807204
807301
807302
807303
807304
807401
807402
807403
807404
807501
807502
807503
807504
807601
807602
807603
807604
807705
807706
807707
807708
807801
807802
807803
807804
808011
808012
808021
808022
808031
808032
808041
808042
808051
808052
808061
808062
808071
808072
808073
808074
808075
808076
808077
808101
808102
808112
808114
808201
808202
808204
808302
808402
808502
808601
808602
808604
808702
808703
808704
808705
808706
808802
810001
810002
810003
810004
810005
810006
810007
810008
810009
810010
810011
810012
810013
810014
810015
810016
810017
810018
810019
810020
810021
810022
810023
810024
810025
810026
810027
810028
810029
810030
810031
810101
810102
810103
810106
810107
810108
810109
810111
810113
810115
810116
810117
810118
810119
810120
810121
810122
810123
810124
810203
810205
810207
810208
810209
810210
810211
810212
810304
810306
810308
810309
810310
810311
810405
810406
810407
810408
810409
810410
810411
810412
810413
810414
810415
810416
810417
810418
810419
810420
810421
810422
810423
810424
810425
810426
810427
810428
810429
810430
810431
810432
810433
810434
810435
810436
810508
810509
810510
810511
810512
810513
810514
810515
810516
810517
810518
810519
810520
810521
810522
810523
810524
810525
810526
810527
810528
810529
810530
810531
810532
810533
810605
810606
810607
810608
810609
810610
810613
810614
810615
810616
810617
810618
810619
810620
810621
810622
810623
810624
810625
810626
810627
810628
810629
810630
810631
810632
810633
810634
810635
810636
810637
810638
810639
810640
810641
810642
810643
810644
810645
810646
810647
810648
810649
810817
810818
810819
810820
810821
810822
810823
810824
810825
810826
810827
810828
810829
810830
810831
810832
810833
810834
810835
810836
810837
810838
810839
810840
810841
810842
810843
810844
810845
810846
810847
810848
810849
810850
810851
810852
810853
810854
810901
810902
810903
810904
810905
810906
810907
810908
810909
810910
810915
810916
810917
810918
811101
811102
811103
811104
811202
811203
811204
811205
811206
811207
811208
811209
811210
811211
811212
811213
811214
811215
811216
812001
812101
812201
812301
812302
812401
812402
812503
812504
812505
812506
812601
812602
812701
812801
812802
812903
812908
812909
812910
812911
812912
812913
813101
813102
813103
813104
814101
814102
814103
814104
814210
814220
814221
814410
814420
814421
814501
814502
814503
814504
814505
814506
814507
814508
814509
814510
814601
814602
814603
814604
814605
814606
814607
814608
814609
814610
814611
814612
814703
814704
814705
814706
814707
814708
814709
814711
814712
814721
814722
814723
814724
814725
814726
814727
814728
814729
814730
814731
814732
814733
814905
814906
814907
814908
814909
814910
814911
815102
815103
815104
815201
815301
815302
815303
815304
815401
815403
815404
815405
815406
815503
815504
815505
815506
815601
815602
815603
815701
815810
817101
817102
817201
817202
817203
817204
817206
817207
817208
817301
817302
817901
817902
817903
81801
818010
818020
818101
818201
818202
818203
818204
818301
818302
818303
818305
818306
818307
818401
818501
818601
818602
818603
818604
818606
818607
818608
818609
818610
818701
818702
818703
818704
819002
819003
819004
819005
819006
819007
819008
819009
819010
819101
819201
819202
819310
819330
819331
819332
819401
819402
819403
819404
819405
819406
819407
819408
819409
819501
819520
819601
819602
819701
819702
819703
819704
819706
819801
819810
820101
820102
820201
820301
820401
820901
821101
821102
821201
821901
822101
822104
822105
822106
822107
822201
822202
823101
823201
823301
823303
823307
823311
823401
823501
823502
823601
824101
824201
824202
824203
824211
824213
824215
824301
824321
824601
824611
825101
825201
825301
825303
825304
825305
825306
825307
825401
825501
825601
825901
826101
826920
827101
827102
827103
827104
827201
827901
827902
827910
828101
828102
828201
828302
828304
828310
828320
828330
828340
828350
828351
828355
828401
828402
828403
828404
828501
828601
828903
828904
828905
828906
828907
828908
828910
829101
829111
829115
829121
829125
829201
829301
829401
829501
829901
829910
829911
829912
830101
830102
830231
830232
830233
830301
831101
831202
831203
831204
831205
831206
831207
831303
831304
831305
831306
831307
831308
831309
831310
831311
831312
831401
831402
831403
831450
831451
831461
831471
831481
831901
831902
831905
831910
832101
832102
832103
832104
832105
833001
833002
833101
833201
833202
833203
833901
834101
834201
834202
834203
834301
834401
834402
834501
834502
834601
834602
834910
834920
834930
834940
834950
835101
835501
836001
836002
836101
836201
836202
836301
836302
836303
836304
836306
836307
836405
836406
836407
837101
837201
837301
837401
837501
837502
837503
837601
837602
837603
837604
837605
837606
837607
837608
837609
837701
837702
837901
838101
838201
838401
838501
838502
838505
838601
838602
838710
838810
838820
838830
838910
838940
838960
839101
839201
839301
839401
839501
839601
839701
839901
839902
839903
839906
839907
839908
839909
840001
840002
840003
840101
840201
840301
840401
840501
840601
840701
840801
840901
841001
841002
841003
841101
841201
841202
841203
841301
841401
841501
841601
841701
841801
842101
842202
842203
842204
842205
842301
842302
842303
842401
842501
842601
842701
842801
843101
843201
843301
843401
843501
843601
843701
843801
843901
844101
844201
844301
844401
844501
849001
849002
849003
849101
849201
849301
849401
849501
849502
849503
849504
849505
849506
849507
849508
849509
849510
849511
849512
849513
849601
849701
850101
850201
851101
851102
851103
851104
851201
851301
851302
851303
852002
852003
852101
852201
852202
852301
852401
852601
852602
853001
853002
853103
853104
853201
853202
853203
853204
853401
853402
854001
854002
854101
854102
854103
854201
854202
854203
854301
854401
854501
854502
854601
854701
854801
857101
857102
857201
857202
857203
857204
858101
858201
858301
858401
858402
858403
858405
858701
858702
859001
859002
859401
859402
860101
860102
860103
860201
860202
860203
860204
860205
860206
860207
860208
860209
860210
861001
861002
861101
861102
861103
861104
861201
861202
861203
861401
861402
861403
861410
861411
861801
861803
861804
861805
861902
861903
861904
861905
862001
862002
862003
862004
862005
862006
862007
862008
862009
862010
862101
862102
862103
862104
862310
862311
862312
862313
862314
862315
862320
862324
862326
862328
862329
862351
862352
862353
862354
862355
862401
862402
862403
862404
862505
862506
862507
862508
862509
862510
862511
862512
862513
862514
862601
862602
862603
862701
862702
862703
862801
862802
862803
862804
862805
862806
862807
862901
863101
863102
863103
863104
863105
863501
863502
863503
863601
863602
863603
863604
863605
863690
864101
864102
864103
864104
864105
864106
864201
864202
864203
864204
864205
864301
865101
865102
865201
865202
865203
865204
865205
865206
865207
865208
865209
865210
866101
866102
866103
866104
866110
866201
866202
866203
866204
866205
866301
866401
866402
866403
866501
866601
866602
866701
866702
867001
867002
867003
867004
867101
867102
867103
867104
867105
867106
867107
867108
867201
867202
867203
867301
867302
867501
868101
868102
868103
868104
868201
868202
868203
868204
868205
868206
868302
868306
868307
868308
868309
868310
868311
868312
868313
868314
868315
868316
868401
868402
868403
868501
868502
868503
868504
868505
868506
868507
868510
868601
868602
868603
868604
868701
868702
868703
868704
868705
869101
869102
869103
869104
869201
869202
869203
869204
869205
869401
869501
869601
869701
870001
870002
870003
870004
870005
870006
870007
870101
870102
870103
870104
870105
870107
870108
870112
870113
870114
870131
870440
870450
870451
870452
870453
870454
870455
870456
870460
870601
870602
870603
871010
871019
871020
871030
871040
871050
871060
871061
871062
871070
871091
871111
871112
871121
871129
871181
871202
871208
871320
872002
872011
872101
872102
872103
872104
872105
872121
872122
872123
872201
872202
872510
872520
873001
873002
873003
873004
873111
873112
873121
873122
873123
873202
873204
873205
873206
873210
873302
873303
873304
873305
873306
873308
873311
873312
873313
873314
873333
873335
873340
873411
873412
873420
873422
873423
873431
873443
873444
873501
874111
874112
874113
874114
874121
874122
874123
874124
874125
874130
874131
874132
874133
874134
874150
874201
874301
874310
874311
874313
874510
874601
874602
874701
874801
874810
874901
874910
874931
875101
875411
875412
875421
875422
875431
875432
875441
875442
875501
875510
875520
875530
875531
875601
875603
876110
876111
876120
876121
876122
876123
876130
876131
876132
876136
876137
876140
876190
876212
876222
876231
876241
876260
876320
876390
876401
876501
876611
876612
876801
876802
876803
876901
876902
877110
877111
877112
877161
877171
877201
877210
877214
877301
877302
877401
877402
877403
877501
877602
877603
877802
877812
877814
877815
877816
877831
877851
877861
877862
877863
877871
877901
877932
877940
877941
877951
877971
877980
877981
878101
878111
878201
878301
878401
878501
878502
878601
878602
878711
878721
878731
878811
878812
878831
878901
878902
878903
878904
878905
878906
879111
879112
879113
879114
879116
879121
879122
879131
879132
879141
879150
879161
879162
879201
879205
879301
879302
879303
879304
879391
879410
879411
879420
879421
879430
879431
879460
879510
879520
879522
879523
879901
879902
879903
879904
879905
879910
879911
879920
879990
881112
881118
881130
881131
881132
881141
881151
881201
881202
881203
881204
881205
881206
881207
881208
881209
881210
881211
881212
881213
881214
881215
881301
881302
881305
881306
881312
881313
881314
881317
881318
881319
881320
881321
881332
881333
881360
881361
881362
881390
881401
881402
881403
881410
881411
881412
881431
881432
881434
881435
881436
881437
881438
881439
881501
881502
881510
881511
881521
881601
881602
881603
881610
881611
881612
881613
881620
881621
881622
881630
881640
881701
881702
881704
881705
881706
881707
882103
882104
882105
882106
882112
882132
882203
882212
882222
882232
882242
882252
882262
882270
882272
882282
882292
882294
882296
882298
882301
882302
882303
882304
882305
882306
882307
882308
882309
882316
882317
882318
882320
882321
882322
882325
882326
882340
882350
882370
882390
882391
882602
882603
882801
882840
883101
883102
883103
883104
883105
883106
883107
883108
883109
883110
883111
883112
883210
883211
883220
883221
883230
883231
883232
883233
883234
883235
883236
883301
883321
883322
883324
883325
883341
883351
883390
883401
883430
883434
883435
883436
883440
883441
883442
883443
883511
883512
883521
883522
883545
883560
883590
883701
883901
883902
883903
883904
883905
883908
883909
883910
883911
883912
883913
886011
886012
886013
886014
886101
887001
887002
887101
887102
887201
890101
890102
890103
890105
890106
890108
890109
890110
890111
890112
890113
890114
890115
890116
890120
890125
890201
890202
890203
890204
890205
890206
890207
890208
890209
890210
890211
890212
890213
890214
890215
890216
890217
890218
890219
890220
890221
890222
890223
890224
890225
890226
890227
890228
890229
890230
890231
890232
890233
890234
890235
890236
890237
890238
890239
890240
890241
890242
890243
890244
890245
890246
890247
890248
890249
890250
890251
890252
890253
890254
890255
890256
890257
890258
890259
890260
890261
890262
890263
890264
890265
890266
890267
890268
890269
890270
890271
890272
890273
890274
890275
890276
890277
890278
890279
890280
890281
890282
890283
890284
890285
890286
890287
890288
890289
890290
890291
890292
890294
890295
890296
890297
890298
890299
890301
890302
890303
890304
890305
890306
890307
890308
890309
890310
890311
890312
890313
890314
890315
890316
890317
890318
890319
890320
890321
890322
890323
890324
890325
890326
890327
890328
890329
890330
890331
890332
890333
890334
890335
890336
890337
890338
890339
890340
890341
890342
890343
890344
890345
890346
890347
890348
890349
890350
890351
890352
890353
890354
890355
890356
890357
890358
890359
890360
890361
890362
890363
890364
890365
890366
890367
890368
890369
890370
890371
890372
890373
890374
890375
890376
890377
890378
890379
890380
890381
890382
890383
890384
890385
890386
890387
890388
890389
890390
890391
890392
890394
890395
890396
890397
890398
890399
890401
890402
890403
890404
890405
890406
890408
890409
890410
890411
890412
890413
890416
890417
890418
890419
890420
890421
890422
890423
890424
890425
890426
890427
890428
890429
890430
890431
890432
890433
890434
890435
890436
890437
890438
890439
890440
890441
890442
890443
890444
890445
890446
890447
890448
890449
890450
890451
890452
890453
890454
890455
890456
890457
890458
890459
890460
890461
890462
890463
890464
890465
890466
890467
890468
890469
890470
890471
890472
890473
890474
890475
890476
890477
890478
890479
890480
890481
890482
890483
890484
890485
890486
890487
890488
890489
890490
890491
890492
890494
890495
890496
890497
890498
890501
890502
890503
890601
890602
890603
890604
890605
890606
890608
890609
890610
890611
890612
890613
890615
890701
890702
890703
890704
890735
890750
890763
890780
890781
890783
890793
891001
891101
891201
891202
891203
891301
891302
891401
891402
891410
891501
891503
891504
891505
891506
891507
891509
891510
891511
891512
891513
891514
891515
891516
891517
891530
891531
891532
891703
891704
891801
891803
891804
891805
891806
891807
891901
891903
891904
891905
891906
891907
891908
892001
892003
892101
892201
892301
892302
892401
892501
892601
892801
892901
892903
892904
892905
892906
892907
892908
892909
893101
893102
893103
893104
893105
893106
893107
893108
893109
893110
893201
893202
893203
893204
893301
893401
893601
893701
893702
893703
893801
893802
893803
893804
893805
893806
893807
893808
893809
893810
893811
893812
893813
893814
893815
893816
893817
893818
893819
893820
893821
893822
893823
893824
893825
893901
893902
893903
893904
893905
893908
893909
893910
893911
893912
893913
894101
894102
894104
894401
894402
894403
894501
894701
894801
895001
895002
895003
895004
895005
895006
895101
895201
895301
895401
895501
895701
895801
895901
895902
895903
895910
895911
895912
895913
896001
896101
896201
896301
896401
896501
896502
896701
896801
896802
896803
896901
897011
897012
898002
898003
898004
898008
898014
898015
898016
898017
898018
898019
898020
898030
898101
898112
898201
898221
898241
898261
898301
898302
898303
898304
898801
898802
898803
898804
898805
898806
898807
898808
898809
898810
898811
898812
9002
9003
9004
901001
901002
901003
901004
901005
901006
901007
901008
901009
901101
901102
901103
901104
901105
901106
901107
901108
901109
901110
901111
901201
901202
901203
901204
901205
901206
901207
901208
901209
901210
901211
901212
901213
901214
901215
901216
901217
901218
901219
901220
901221
901222
901223
901224
901225
901226
901227
901228
901229
901230
901231
901232
901233
901234
901235
901236
901237
901238
901239
901240
901241
901242
901243
901301
901302
901303
901304
901305
901306
901307
901309
901310
901311
901312
901313
901315
901317
901318
901319
901320
901321
901322
901323
901324
901325
901326
901501
901502
902001
902002
902003
902006
902007
902008
902009
902010
902011
902012
902014
902015
902016
902017
902018
902019
902020
902021
902022
902023
902024
902027
902028
902029
902030
902031
902032
902033
902034
902035
902036
902037
902038
902039
902041
902042
902044
902045
902047
902048
902049
902050
902052
902053
902054
902055
902056
902057
902058
902059
902060
902061
902062
902063
902067
902068
902069
902071
902072
902073
902074
902075
902076
902077
902078
902079
902101
902102
902103
902104
902105
902106
902107
902108
902109
902110
902111
902112
902113
902114
902115
902116
902118
902119
902120
902121
902122
902123
902124
902204
902205
902206
902207
902208
902209
902210
902211
902213
902214
902215
902216
902217
902218
902219
902220
902221
902223
902224
902225
902226
902227
903001
903002
903003
903004
903005
903006
903007
903008
903009
903010
903011
903012
903013
903014
903015
903016
903017
903018
903019
903020
903021
903022
903023
903024
903025
903026
903027
903028
903030
903031
903032
903033
903034
903035
903036
903037
903038
903039
903040
903041
903042
903043
903044
903045
903046
903047
903048
903049
903050
903051
903052
903053
903054
903055
903056
903057
903058
903059
903060
903061
903062
903063
903064
903065
903066
903067
903068
903069
903070
903101
903102
903103
903104
903105
903106
903107
903108
903109
903110
903111
903112
903113
903114
903201
903202
903301
903302
903303
903304
903305
903401
903402
903403
903404
903405
903406
903407
903408
903409
903410
903411
903412
903415
903416
903417
903418
903419
903420
903421
903422
903423
903424
903425
903426
903427
903428
903429
903430
903431
903432
903433
903434
903435
903436
903437
903438
903439
903440
903441
903442
903501
903502
903503
903504
903505
903506
903601
903602
903603
903604
903605
903608
903609
903610
903611
903612
903613
903614
903701
903702
903703
903704
903705
903706
903707
903708
903709
903711
903801
903802
903803
903804
903805
903806
903807
903808
903809
903810
903811
903812
903813
903814
903815
903816
903817
903818
903819
903820
903821
903822
903823
903824
903826
903827
903828
903829
903830
903831
903832
903833
903834
903835
903836
903837
903838
903839
903840
903841
903842
903843
903844
903845
903846
903847
903848
903849
903850
903851
903852
903853
903854
903855
903856
903857
903858
903859
903860
903861
903862
903863
903864
903865
903866
903867
903868
903869
903870
903871
903872
903873
903874
903875
903876
903877
903878
903879
903880
903881
903882
903883
903884
903885
903886
903887
903888
903889
903890
903891
903892
903893
903894
903895
903896
904001
904002
904004
904005
904006
904101
904102
904103
904104
904105
904106
904107
904108
904109
904111
904201
904202
904203
904204
904205
904206
904207
904208
904210
904301
904302
904303
904401
904402
904403
904404
904405
904501
904503
904504
904505
904506
904507
904508
904509
904510
904511
904512
904601
904602
904603
904604
904605
904701
904702
904703
904704
904705
904706
904707
904708
904709
904710
904711
904712
904713
904714
904715
904716
904717
904718
904719
904720
904721
904801
904802
904803
904804
904805
904806
904807
904808
904809
904810
904811
904812
904813
904814
904815
904901
904902
904904
904905
904906
904907
904908
904909
904910
904911
904912
904913
904914
904915
904916
904920
904921
904922
904923
904924
904925
904926
904927
905001
905002
905003
905101
905102
905103
905104
905105
905106
905107
905201
905202
905203
905204
905205
905206
905208
905209
905210
905213
905214
905301
905302
905303
905304
905305
905306
905307
905308
905309
905310
905311
905312
905313
905401
905404
905406
905407
905409
905410
905412
905413
905414
905415
905416
905417
905418
905501
905502
905503
905504
905505
905601
905602
905603
905604
905606
905607
905608
905701
905702
905703
905704
905705
905706
905707
905708
905709
905710
905711
905712
905713
905714
905715
905716
905717
905718
905719
905720
905721
905722
905723
905724
905725
905726
905727
905728
905729
905730
905731
905732
905733
905734
905735
905736
905737
905738
905739
905740
905741
905742
905743
905744
905745
905746
905747
905748
905749
905750
905751
905752
905753
905754
905755
905756
905757
905758
905759
905760
905761
905762
905801
906001
906002
906003
906004
906005
906006
906007
906008
906009
906010
906011
906012
906013
906014
906015
906016
906017
906018
906019
906020
906021
906022
906023
906024
906025
906026
906027
906028
906029
906030
906031
906032
906033
906034
906035
906036
906037
906038
906039
906040
906041
906045
906046
906047
906048
906049
906050
906051
906052
906102
906103
906104
906105
906106
906107
906108
906109
906110
906111
906112
906113
906114
906115
906116
906117
906118
906119
906120
906121
906122
906123
906124
906125
906126
906127
906128
906129
906130
906131
906132
906133
906134
906135
906136
906137
906138
906139
906140
906141
906201
906202
906203
906204
906205
906206
906207
906208
906209
906210
906211
906212
906213
906214
906215
906216
906217
906218
906219
906220
906221
906222
906223
906224
906225
906226
906227
906228
906229
906230
906231
906232
906233
906234
906235
906236
906237
906238
906239
906240
906241
906242
906243
906244
906245
906246
906247
906248
906249
906250
906251
906252
906253
906254
906255
906256
906257
906258
906259
906260
906261
906262
906263
906264
906265
906266
906267
906268
906269
906270
906271
906272
906273
906301
906302
906303
906304
906305
906306
906307
906308
906310
906312
906314
906315
906316
906317
906318
906319
906320
906321
906322
906323
906324
906325
906326
906327
906328
906329
906331
906332
906333
906334
906335
906336
906337
906338
906339
906340
906341
906401
906404
906405
906406
906407
906408
906409
906410
906411
906412
906413
906414
906415
906416
906417
906418
906419
906420
906421
906422
906423
906424
906425
906426
906428
906429
906430
906431
906432
906433
906434
906435
906436
906437
906438
906440
906441
906442
906443
906444
906445
906446
906447
906448
906449
906450
906451
906452
906453
906454
906455
906456
906457
906458
906459
906460
906462
906463
906464
906465
906466
906467
906468
906469
906470
906471
906472
906473
906474
906475
906476
906477
906478
906479
906480
906481
906482
906483
906484
906485
906486
906487
906488
906489
906490
906491
906492
906493
906494
906496
906497
906498
906501
906502
906503
906504
906506
906509
906512
906513
906514
906517
906518
906519
906520
906521
906522
906523
906524
906525
906526
906527
906601
906602
906603
906604
906605
906606
906610
906611
906612
906613
906614
906618
906620
906621
906622
906623
906624
906625
906626
906627
906628
906701
906702
906703
906704
906705
906706
906707
906708
906709
906710
906711
906712
906713
906714
906715
906716
906717
906718
906719
906720
906721
906722
906723
906724
906725
906726
906727
906728
906729
906730
906731
906732
906733
906734
906735
906736
906737
906738
906739
906740
906741
906742
906743
906744
906745
906746
906747
906748
906749
906751
906753
906754
906755
906756
906757
906758
906759
906760
906761
906762
906763
906764
906765
906766
906768
906769
906770
906771
906772
906773
906774
906775
906776
906777
906778
906779
906780
906781
906782
906783
906784
906785
906786
906787
906788
906789
906801
906802
906803
906805
906806
906807
906810
906811
906812
906813
906814
906818
906822
906823
906824
906825
906826
906827
906828
906829
906830
906831
906832
906833
906834
906835
906836
906837
906838
906839
906841
906842
906843
906844
906845
906846
906847
906848
906850
906851
906852
906853
906854
906855
906856
906857
906858
906901
906902
906903
906904
906905
906906
906907
906908
906910
906911
906912
906913
906914
906915
906917
907001
907002
907003
907004
907005
907006
907007
907008
907009
907010
907011
907012
907013
907014
907015
907016
907101
907102
907103
907104
907105
907106
907107
907108
907109
907201
907202
907203
907204
907205
908301
908302
908303
908304
908305
908306
908308
908309
908310
908311
908312
908313
908314
908315
908316
908317
908318
908319
908320
908321
908322
908323
908324
908325
908326
908327
908328
908329
908330
908331
908332
908333
908334
908335
908336
908337
908338
908339
908340
908341
908342
908343
908344
908345
908346
908347
908348
908349
908350
908351
908352
908353
908354
908355
908356
908357
908408
908409
908411
908413
908414
908418
908419
908420
908421
908422
908423
908424
908426
908427
908428
908433
908434
908435
908438
908439
908440
908441
908442
908443
908444
908445
908446
908447
908448
908601
908602
908603
908604
908605
908606
908608
908609
908610
908802
908803
908804
908805
908806
908807
908808
908809
908810
908811
908812
908813
908832
908833
908855
908856
908857
908858
908859
908860
908861
908862
908863
908864
908865
908866
908867
908868
908869
908870
908871
908872
908873
908874
908875
908876
908877
908878
908879
908880
908881
908882
908883
908884
908885
908886
908887
908888
908889
908890
908891
908892
911001
911002
911003
911004
911005
911006
911007
911008
911009
911010
911011
911012
911013
911014
911015
911016
911017
911018
911019
911020
911021
911022
911023
911024
911025
911026
911027
911028
911029
911030
911031
911032
911033
911034
911035
911036
911037
911038
911101
911102
911103
911105
911106
911107
911110
911111
911112
911113
911114
911115
911116
911117
911118
911119
911120
911201
911202
911203
911204
911205
911301
911302
911401
911402
912001
912002
912003
912004
912005
912010
912011
912012
912020
912021
920101
920102
920103
920104
920105
920201
920202
920204
920208
920209
920210
920211
920214
920215
920301
920302
920303
920304
920305
920306
920307
920310
920401
920406
920407
920408
920410
920411
920412
920414
920415
920501
920502
920503
920504
920505
920506
920507
920508
920509
920510
920511
920601
920602
920603
920604
920605
920606
920607
920608
920609
920701
920702
920705
920706
920707
920802
920803
920805
920806
920807
920808
920809
920811
920812
920813
920901
920902
920903
920904
921101
921201
921301
921304
921402
921403
921404
921405
921406
921501
921601
921801
921901
921902
922001
922201
922321
922322
922441
922442
922443
922444
922445
922446
922447
922448
922449
922504
922505
922506
922602
922603
922604
922605
922606
922607
922608
922609
922611
922612
922613
922614
922615
922616
922802
922803
922804
922805
922806
922810
922830
923104
923105
923201
930101
930102
930103
930105
930106
930107
930108
930109
930110
930111
930201
930301
930401
930402
930403
930801
930802
930803
930804
930805
930806
930807
930808
930810
930820
930821
930860
930901
931001
931002
931101
931501
931502
931601
931701
932401
933301
933401
933402
933501
933601
933602
933603
933701
933901
934101
934201
934501
934601
935001
935101
935201
935202
935301
935302
935303
935304
935305
935306
935307
935308
935401
935501
935601
935602
935701
935901
936001
936601
936801
937001
937101
937201
937202
937203
937301
937401
937501
937502
938301
938302
938303
938310
938501
938610
938611
938612
938660
938661
938662
939001
939101
939301
939401
939402
939403
939501
939601
939801
940101
940201
940301
940302
940701
940901
941101
941301
941401
942601
943101
943102
943501
944001
944002
944101
944102
944201
944202
944301
944901
944902
944903
944904
944905
944906
944910
944915
950101
950201
950501
950505
950601
950602
950603
950610
951102
951103
951202
951203
951302
951303
951304
951321
951401
951501
951502
951503
951801
951901
951902
951903
952001
952101
952102
952201
952302
952303
952501
952601
952602
952603
952604
952901
953401
953501
953502
953801
954101
954102
954103
954104
954105
954106
954107
954108
954301
954302
954304
954305
954306
954307
954310
954311
954312
954313
954314
954315
954316
954401
954402
954403
954404
954405
954406
954601
954602
954603
954610
954620
954624
954625
954626
954627
954628
954629
954630
954631
954632
954801
954802
954803
954804
954805
954901
954903
954904
960101
960201
960301
960401
960402
960403
960404
960405
960406
960503
960601
960701
960801
960901
961201
961401
961601
962101
962201
962301
962401
962601
962701
963101
963301
963801
963901
964101
964901
965101
965201
965202
965203
965301
965501
965901
965902
966101
967001
967005
967006
970101
970201
970301
970401
970501
971101
971201
971401
971501
971601
972101
972201
972301
972401
972601
973101
973201
973301
973401
973501
973701
973801
974101
974201
974301
975101
975201
975301
975401
975501
975601
975901
976101
976102
976201
976202
976203
976301
976501
977101
977201
977301
977501
978101
978201
978301
978801
981101
981201
981202
981301
981401
981501
981601
981701
981801
981901
981905
982001
982101
982102
982201
982401
982501
982601
982701
982801
982901
985201
990101
990102
990103
990104
990105
990106
990107
990108
990109
990110
990111
990112
990113
990201
990202
990203
990204
990205
990206
990207
990208
990209
990210
990211
990212
990213
990221
990222
990223
990224
991101
991202
991203
991205
991206
991207
991401
991402
991403
991501
991601
991801
992101
992102
992201
992301
992501
992502
992504
992505
992506
992507
992508
992509
992511
992801
992901
992990
993101
993102
993103
993104
993105
993106
993107
993120
993121
993122
993123
993124
993125
993130
993131
993501
993502
993503
993504
993505
993506
993507
993508
993509
993510
993512
993513
993520
993521
993522
993523
994101
994201
994301
995101
995201
995202
996101
996102
996301
996401
996901
997001
997002
997103
997104
997105
997106
997107
997301
998001
998002
998003
998004
998005
998101
998102
998201
998202
998203
998204
998205
998206
998207
998301
998303
998304
998305
998501
998701
998702
998703
998704
999201
999301
999401
999402
